712 480 640
278 442 -1 1 0
280 441 -1 1 0
279 441 -1 1 0
278 441 -1 1 0
277 441 -1 1 0
276 441 -1 1 0
280 440 -1 1 0
279 440 -1 1 0
278 440 -1 1 0
277 440 -1 1 0
276 440 -1 1 0
281 439 -1 1 0
280 439 -1 1 0
279 439 -1 1 0
278 439 -1 1 0
277 439 -1 1 0
276 439 -1 1 0
275 439 -1 1 0
280 438 -1 1 0
279 438 -1 1 0
278 438 -1 1 0
277 438 -1 1 0
276 438 -1 1 0
280 437 -1 1 0
279 437 -1 1 0
278 437 -1 1 0
277 437 -1 1 0
276 437 -1 1 0
278 436 -1 1 0
296 435 -1 0 0
298 434 -1 0 0
297 434 -1 0 0
296 434 -1 0 0
295 434 -1 0 0
294 434 -1 0 0
298 433 -1 0 0
297 433 -1 0 0
296 433 -1 0 0
295 433 -1 0 0
294 433 -1 0 0
299 432 -1 0 0
298 432 -1 0 0
297 432 -1 0 0
296 432 -1 0 0
295 432 -1 0 0
294 432 -1 0 0
293 432 -1 0 0
298 431 -1 0 0
297 431 -1 0 0
296 431 -1 0 0
295 431 -1 0 0
294 431 -1 0 0
298 430 -1 0 0
297 430 -1 0 0
296 430 -1 0 0
295 430 -1 0 0
294 430 -1 0 0
296 429 -1 0 0
254 423 -1 0 0
257 422 -1 0 0
256 422 -1 0 0
255 422 -1 0 0
254 422 -1 0 0
253 422 -1 0 0
252 422 -1 0 0
251 422 -1 0 0
259 421 -1 0 0
258 421 -1 0 0
257 421 -1 0 0
256 421 -1 0 0
255 421 -1 0 0
254 421 -1 0 0
253 421 -1 0 0
252 421 -1 0 0
251 421 -1 0 0
250 421 -1 0 0
249 421 -1 0 0
260 420 -1 0 0
259 420 -1 0 0
258 420 -1 0 0
257 420 -1 0 0
256 420 -1 0 0
255 420 -1 0 0
254 420 -1 0 0
253 420 -1 0 0
252 420 -1 0 0
251 420 -1 0 0
250 420 -1 0 0
249 420 -1 0 0
248 420 -1 0 0
260 419 -1 0 0
259 419 -1 0 0
258 419 -1 0 0
257 419 -1 0 0
256 419 -1 0 0
255 419 -1 0 0
254 419 -1 0 0
253 419 -1 0 0
252 419 -1 0 0
251 419 -1 0 0
250 419 -1 0 0
249 419 -1 0 0
248 419 -1 0 0
261 418 -1 0 0
260 418 -1 0 0
259 418 -1 0 0
258 418 -1 0 0
257 418 -1 0 0
256 418 -1 0 0
255 418 -1 0 0
254 418 -1 0 0
253 418 -1 0 0
252 418 -1 0 0
251 418 -1 0 0
250 418 -1 0 0
249 418 -1 0 0
248 418 -1 0 0
247 418 -1 0 0
261 417 -1 0 0
260 417 -1 0 0
259 417 -1 0 0
258 417 -1 0 0
257 417 -1 0 0
256 417 -1 0 0
255 417 -1 0 0
254 417 -1 0 0
253 417 -1 0 0
252 417 -1 0 0
251 417 -1 0 0
250 417 -1 0 0
249 417 -1 0 0
248 417 -1 0 0
247 417 -1 0 0
261 416 -1 0 0
260 416 -1 0 0
259 416 -1 0 0
258 416 -1 0 0
257 416 -1 0 0
256 416 -1 0 0
255 416 -1 0 0
254 416 -1 0 0
253 416 -1 0 0
252 416 -1 0 0
251 416 -1 0 0
250 416 -1 0 0
249 416 -1 0 0
248 416 -1 0 0
247 416 -1 0 0
262 415 -1 0 0
261 415 -1 0 0
260 415 -1 0 0
259 415 -1 0 0
258 415 -1 0 0
257 415 -1 0 0
256 415 -1 0 0
255 415 -1 0 0
254 415 -1 0 0
253 415 -1 0 0
252 415 -1 0 0
251 415 -1 0 0
250 415 -1 0 0
249 415 -1 0 0
248 415 -1 0 0
247 415 -1 0 0
246 415 -1 0 0
261 414 -1 0 0
260 414 -1 0 0
259 414 -1 0 0
258 414 -1 0 0
257 414 -1 0 0
256 414 -1 0 0
255 414 -1 0 0
254 414 -1 0 0
253 414 -1 0 0
252 414 -1 0 0
251 414 -1 0 0
250 414 -1 0 0
249 414 -1 0 0
248 414 -1 0 0
247 414 -1 0 0
261 413 -1 0 0
260 413 -1 0 0
259 413 -1 0 0
258 413 -1 0 0
257 413 -1 0 0
256 413 -1 0 0
255 413 -1 0 0
254 413 -1 0 0
253 413 -1 0 0
252 413 -1 0 0
251 413 -1 0 0
250 413 -1 0 0
249 413 -1 0 0
248 413 -1 0 0
247 413 -1 0 0
261 412 -1 0 0
260 412 -1 0 0
259 412 -1 0 0
258 412 -1 0 0
257 412 -1 0 0
256 412 -1 0 0
255 412 -1 0 0
254 412 -1 0 0
253 412 -1 0 0
252 412 -1 0 0
251 412 -1 0 0
250 412 -1 0 0
249 412 -1 0 0
248 412 -1 0 0
247 412 -1 0 0
260 411 -1 0 0
259 411 -1 0 0
258 411 -1 0 0
257 411 -1 0 0
256 411 -1 0 0
255 411 -1 0 0
254 411 -1 0 0
253 411 -1 0 0
252 411 -1 0 0
251 411 -1 0 0
250 411 -1 0 0
249 411 -1 0 0
248 411 -1 0 0
260 410 -1 0 0
259 410 -1 0 0
258 410 -1 0 0
257 410 -1 0 0
256 410 -1 0 0
255 410 -1 0 0
254 410 -1 0 0
253 410 -1 0 0
252 410 -1 0 0
251 410 -1 0 0
250 410 -1 0 0
249 410 -1 0 0
248 410 -1 0 0
259 409 -1 0 0
258 409 -1 0 0
257 409 -1 0 0
256 409 -1 0 0
255 409 -1 0 0
254 409 -1 0 0
253 409 -1 0 0
252 409 -1 0 0
251 409 -1 0 0
250 409 -1 0 0
249 409 -1 0 0
257 408 -1 0 0
256 408 -1 0 0
255 408 -1 0 0
254 408 -1 0 0
253 408 -1 0 0
252 408 -1 0 0
251 408 -1 0 0
287 407 -1 1 0
254 407 -1 0 0
288 406 -1 1 0
287 406 -1 1 0
286 406 -1 1 0
287 405 -1 1 0
314 396 -1 0 0
317 395 -1 0 0
316 395 -1 0 0
315 395 -1 0 0
314 395 -1 0 0
313 395 -1 0 0
312 395 -1 0 0
311 395 -1 0 0
319 394 -1 0 0
318 394 -1 0 0
317 394 -1 0 0
316 394 -1 0 0
315 394 -1 0 0
314 394 -1 0 0
313 394 -1 0 0
312 394 -1 0 0
311 394 -1 0 0
310 394 -1 0 0
309 394 -1 0 0
320 393 -1 0 0
319 393 -1 0 0
318 393 -1 0 0
317 393 -1 0 0
316 393 -1 0 0
315 393 -1 0 0
314 393 -1 0 0
313 393 -1 0 0
312 393 -1 0 0
311 393 -1 0 0
310 393 -1 0 0
309 393 -1 0 0
308 393 -1 0 0
320 392 -1 0 0
319 392 -1 0 0
318 392 -1 0 0
317 392 -1 0 0
316 392 -1 0 0
315 392 -1 0 0
314 392 -1 0 0
313 392 -1 0 0
312 392 -1 0 0
311 392 -1 0 0
310 392 -1 0 0
309 392 -1 0 0
308 392 -1 0 0
321 391 -1 0 0
320 391 -1 0 0
319 391 -1 0 0
318 391 -1 0 0
317 391 -1 0 0
316 391 -1 0 0
315 391 -1 0 0
314 391 -1 0 0
313 391 -1 0 0
312 391 -1 0 0
311 391 -1 0 0
310 391 -1 0 0
309 391 -1 0 0
308 391 -1 0 0
307 391 -1 0 0
321 390 -1 0 0
320 390 -1 0 0
319 390 -1 0 0
318 390 -1 0 0
317 390 -1 0 0
316 390 -1 0 0
315 390 -1 0 0
314 390 -1 0 0
313 390 -1 0 0
312 390 -1 0 0
311 390 -1 0 0
310 390 -1 0 0
309 390 -1 0 0
308 390 -1 0 0
307 390 -1 0 0
321 389 -1 0 0
320 389 -1 0 0
319 389 -1 0 0
318 389 -1 0 0
317 389 -1 0 0
316 389 -1 0 0
315 389 -1 0 0
314 389 -1 0 0
313 389 -1 0 0
312 389 -1 0 0
311 389 -1 0 0
310 389 -1 0 0
309 389 -1 0 0
308 389 -1 0 0
307 389 -1 0 0
322 388 -1 0 0
321 388 -1 0 0
320 388 -1 0 0
319 388 -1 0 0
318 388 -1 0 0
317 388 -1 0 0
316 388 -1 0 0
315 388 -1 0 0
314 388 -1 0 0
313 388 -1 0 0
312 388 -1 0 0
311 388 -1 0 0
310 388 -1 0 0
309 388 -1 0 0
308 388 -1 0 0
307 388 -1 0 0
306 388 -1 0 0
321 387 -1 0 0
320 387 -1 0 0
319 387 -1 0 0
318 387 -1 0 0
317 387 -1 0 0
316 387 -1 0 0
315 387 -1 0 0
314 387 -1 0 0
313 387 -1 0 0
312 387 -1 0 0
311 387 -1 0 0
310 387 -1 0 0
309 387 -1 0 0
308 387 -1 0 0
307 387 -1 0 0
321 386 -1 0 0
320 386 -1 0 0
319 386 -1 0 0
318 386 -1 0 0
317 386 -1 0 0
316 386 -1 0 0
315 386 -1 0 0
314 386 -1 0 0
313 386 -1 0 0
312 386 -1 0 0
311 386 -1 0 0
310 386 -1 0 0
309 386 -1 0 0
308 386 -1 0 0
307 386 -1 0 0
321 385 -1 0 0
320 385 -1 0 0
319 385 -1 0 0
318 385 -1 0 0
317 385 -1 0 0
316 385 -1 0 0
315 385 -1 0 0
314 385 -1 0 0
313 385 -1 0 0
312 385 -1 0 0
311 385 -1 0 0
310 385 -1 0 0
309 385 -1 0 0
308 385 -1 0 0
307 385 -1 0 0
320 384 -1 0 0
319 384 -1 0 0
318 384 -1 0 0
317 384 -1 0 0
316 384 -1 0 0
315 384 -1 0 0
314 384 -1 0 0
313 384 -1 0 0
312 384 -1 0 0
311 384 -1 0 0
310 384 -1 0 0
309 384 -1 0 0
308 384 -1 0 0
320 383 -1 0 0
319 383 -1 0 0
318 383 -1 0 0
317 383 -1 0 0
316 383 -1 0 0
315 383 -1 0 0
314 383 -1 0 0
313 383 -1 0 0
312 383 -1 0 0
311 383 -1 0 0
310 383 -1 0 0
309 383 -1 0 0
308 383 -1 0 0
319 382 -1 0 0
318 382 -1 0 0
317 382 -1 0 0
316 382 -1 0 0
315 382 -1 0 0
314 382 -1 0 0
313 382 -1 0 0
312 382 -1 0 0
311 382 -1 0 0
310 382 -1 0 0
309 382 -1 0 0
317 381 -1 0 0
316 381 -1 0 0
315 381 -1 0 0
314 381 -1 0 0
313 381 -1 0 0
312 381 -1 0 0
311 381 -1 0 0
314 380 -1 0 0
292 367 -1 1 0
294 366 -1 1 0
293 366 -1 1 0
292 366 -1 1 0
291 366 -1 1 0
290 366 -1 1 0
294 365 -1 1 0
293 365 -1 1 0
292 365 -1 1 0
291 365 -1 1 0
290 365 -1 1 0
295 364 -1 1 0
294 364 -1 1 0
293 364 -1 1 0
292 364 -1 1 0
291 364 -1 1 0
290 364 -1 1 0
289 364 -1 1 0
294 363 -1 1 0
293 363 -1 1 0
292 363 -1 1 0
291 363 -1 1 0
290 363 -1 1 0
294 362 -1 1 0
293 362 -1 1 0
292 362 -1 1 0
291 362 -1 1 0
290 362 -1 1 0
292 361 -1 1 0
292 296 -1 1 0
295 295 -1 1 0
294 295 -1 1 0
293 295 -1 1 0
292 295 -1 1 0
291 295 -1 1 0
290 295 -1 1 0
289 295 -1 1 0
297 294 -1 1 0
296 294 -1 1 0
295 294 -1 1 0
294 294 -1 1 0
293 294 -1 1 0
292 294 -1 1 0
291 294 -1 1 0
290 294 -1 1 0
289 294 -1 1 0
288 294 -1 1 0
287 294 -1 1 0
298 293 -1 1 0
297 293 -1 1 0
296 293 -1 1 0
295 293 -1 1 0
294 293 -1 1 0
293 293 -1 1 0
292 293 -1 1 0
291 293 -1 1 0
290 293 -1 1 0
289 293 -1 1 0
288 293 -1 1 0
287 293 -1 1 0
286 293 -1 1 0
298 292 -1 1 0
297 292 -1 1 0
296 292 -1 1 0
295 292 -1 1 0
294 292 -1 1 0
293 292 -1 1 0
292 292 -1 1 0
291 292 -1 1 0
290 292 -1 1 0
289 292 -1 1 0
288 292 -1 1 0
287 292 -1 1 0
286 292 -1 1 0
299 291 -1 1 0
298 291 -1 1 0
297 291 -1 1 0
296 291 -1 1 0
295 291 -1 1 0
294 291 -1 1 0
293 291 -1 1 0
292 291 -1 1 0
291 291 -1 1 0
290 291 -1 1 0
289 291 -1 1 0
288 291 -1 1 0
287 291 -1 1 0
286 291 -1 1 0
285 291 -1 1 0
299 290 -1 1 0
298 290 -1 1 0
297 290 -1 1 0
296 290 -1 1 0
295 290 -1 1 0
294 290 -1 1 0
293 290 -1 1 0
292 290 -1 1 0
291 290 -1 1 0
290 290 -1 1 0
289 290 -1 1 0
288 290 -1 1 0
287 290 -1 1 0
286 290 -1 1 0
285 290 -1 1 0
299 289 -1 1 0
298 289 -1 1 0
297 289 -1 1 0
296 289 -1 1 0
295 289 -1 1 0
294 289 -1 1 0
293 289 -1 1 0
292 289 -1 1 0
291 289 -1 1 0
290 289 -1 1 0
289 289 -1 1 0
288 289 -1 1 0
287 289 -1 1 0
286 289 -1 1 0
285 289 -1 1 0
300 288 -1 1 0
299 288 -1 1 0
298 288 -1 1 0
297 288 -1 1 0
296 288 -1 1 0
295 288 -1 1 0
294 288 -1 1 0
293 288 -1 1 0
292 288 -1 1 0
291 288 -1 1 0
290 288 -1 1 0
289 288 -1 1 0
288 288 -1 1 0
287 288 -1 1 0
286 288 -1 1 0
285 288 -1 1 0
284 288 -1 1 0
299 287 -1 1 0
298 287 -1 1 0
297 287 -1 1 0
296 287 -1 1 0
295 287 -1 1 0
294 287 -1 1 0
293 287 -1 1 0
292 287 -1 1 0
291 287 -1 1 0
290 287 -1 1 0
289 287 -1 1 0
288 287 -1 1 0
287 287 -1 1 0
286 287 -1 1 0
285 287 -1 1 0
299 286 -1 1 0
298 286 -1 1 0
297 286 -1 1 0
296 286 -1 1 0
295 286 -1 1 0
294 286 -1 1 0
293 286 -1 1 0
292 286 -1 1 0
291 286 -1 1 0
290 286 -1 1 0
289 286 -1 1 0
288 286 -1 1 0
287 286 -1 1 0
286 286 -1 1 0
285 286 -1 1 0
299 285 -1 1 0
298 285 -1 1 0
297 285 -1 1 0
296 285 -1 1 0
295 285 -1 1 0
294 285 -1 1 0
293 285 -1 1 0
292 285 -1 1 0
291 285 -1 1 0
290 285 -1 1 0
289 285 -1 1 0
288 285 -1 1 0
287 285 -1 1 0
286 285 -1 1 0
285 285 -1 1 0
298 284 -1 1 0
297 284 -1 1 0
296 284 -1 1 0
295 284 -1 1 0
294 284 -1 1 0
293 284 -1 1 0
292 284 -1 1 0
291 284 -1 1 0
290 284 -1 1 0
289 284 -1 1 0
288 284 -1 1 0
287 284 -1 1 0
286 284 -1 1 0
298 283 -1 1 0
297 283 -1 1 0
296 283 -1 1 0
295 283 -1 1 0
294 283 -1 1 0
293 283 -1 1 0
292 283 -1 1 0
291 283 -1 1 0
290 283 -1 1 0
289 283 -1 1 0
288 283 -1 1 0
287 283 -1 1 0
286 283 -1 1 0
297 282 -1 1 0
296 282 -1 1 0
295 282 -1 1 0
294 282 -1 1 0
293 282 -1 1 0
292 282 -1 1 0
291 282 -1 1 0
290 282 -1 1 0
289 282 -1 1 0
288 282 -1 1 0
287 282 -1 1 0
295 281 -1 1 0
294 281 -1 1 0
293 281 -1 1 0
292 281 -1 1 0
291 281 -1 1 0
290 281 -1 1 0
289 281 -1 1 0
292 280 -1 1 0
208 261 -1 1 0
210 260 -1 1 0
209 260 -1 1 0
208 260 -1 1 0
207 260 -1 1 0
206 260 -1 1 0
210 259 -1 1 0
209 259 -1 1 0
208 259 -1 1 0
207 259 -1 1 0
206 259 -1 1 0
211 258 -1 1 0
210 258 -1 1 0
209 258 -1 1 0
208 258 -1 1 0
207 258 -1 1 0
206 258 -1 1 0
205 258 -1 1 0
210 257 -1 1 0
209 257 -1 1 0
208 257 -1 1 0
207 257 -1 1 0
206 257 -1 1 0
210 256 -1 1 0
209 256 -1 1 0
208 256 -1 1 0
207 256 -1 1 0
206 256 -1 1 0
208 255 -1 1 0
