808 520 450
365 446 -1 1 0
364 446 -1 1 0
363 446 -1 1 0
362 446 -1 1 0
361 446 -1 1 0
367 445 -1 1 0
366 445 -1 1 0
365 445 -1 1 0
364 445 -1 1 0
363 445 -1 1 0
362 445 -1 1 0
361 445 -1 1 0
360 445 -1 1 0
359 445 -1 1 0
367 444 -1 1 0
366 444 -1 1 0
365 444 -1 1 0
364 444 -1 1 0
363 444 -1 1 0
362 444 -1 1 0
361 444 -1 1 0
360 444 -1 1 0
359 444 -1 1 0
368 443 -1 1 0
367 443 -1 1 0
366 443 -1 1 0
365 443 -1 1 0
364 443 -1 1 0
363 443 -1 1 0
362 443 -1 1 0
361 443 -1 1 0
360 443 -1 1 0
359 443 -1 1 0
358 443 -1 1 0
368 442 -1 1 0
367 442 -1 1 0
366 442 -1 1 0
365 442 -1 1 0
364 442 -1 1 0
363 442 -1 1 0
362 442 -1 1 0
361 442 -1 1 0
360 442 -1 1 0
359 442 -1 1 0
358 442 -1 1 0
368 441 -1 1 0
367 441 -1 1 0
366 441 -1 1 0
365 441 -1 1 0
364 441 -1 1 0
363 441 -1 1 0
362 441 -1 1 0
361 441 -1 1 0
360 441 -1 1 0
359 441 -1 1 0
358 441 -1 1 0
368 440 -1 1 0
367 440 -1 1 0
366 440 -1 1 0
365 440 -1 1 0
364 440 -1 1 0
363 440 -1 1 0
362 440 -1 1 0
361 440 -1 1 0
360 440 -1 1 0
359 440 -1 1 0
358 440 -1 1 0
368 439 -1 1 0
367 439 -1 1 0
366 439 -1 1 0
365 439 -1 1 0
364 439 -1 1 0
363 439 -1 1 0
362 439 -1 1 0
361 439 -1 1 0
360 439 -1 1 0
359 439 -1 1 0
358 439 -1 1 0
367 438 -1 1 0
366 438 -1 1 0
365 438 -1 1 0
364 438 -1 1 0
363 438 -1 1 0
362 438 -1 1 0
361 438 -1 1 0
360 438 -1 1 0
359 438 -1 1 0
367 437 -1 1 0
366 437 -1 1 0
365 437 -1 1 0
364 437 -1 1 0
363 437 -1 1 0
362 437 -1 1 0
361 437 -1 1 0
360 437 -1 1 0
359 437 -1 1 0
365 436 -1 1 0
364 436 -1 1 0
363 436 -1 1 0
362 436 -1 1 0
361 436 -1 1 0
419 399 -1 0 0
418 399 -1 0 0
417 399 -1 0 0
416 399 -1 0 0
415 399 -1 0 0
421 398 -1 0 0
420 398 -1 0 0
419 398 -1 0 0
418 398 -1 0 0
417 398 -1 0 0
416 398 -1 0 0
415 398 -1 0 0
414 398 -1 0 0
413 398 -1 0 0
421 397 -1 0 0
420 397 -1 0 0
419 397 -1 0 0
418 397 -1 0 0
417 397 -1 0 0
416 397 -1 0 0
415 397 -1 0 0
414 397 -1 0 0
413 397 -1 0 0
422 396 -1 0 0
421 396 -1 0 0
420 396 -1 0 0
419 396 -1 0 0
418 396 -1 0 0
417 396 -1 0 0
416 396 -1 0 0
415 396 -1 0 0
414 396 -1 0 0
413 396 -1 0 0
412 396 -1 0 0
422 395 -1 0 0
421 395 -1 0 0
420 395 -1 0 0
419 395 -1 0 0
418 395 -1 0 0
417 395 -1 0 0
416 395 -1 0 0
415 395 -1 0 0
414 395 -1 0 0
413 395 -1 0 0
412 395 -1 0 0
422 394 -1 0 0
421 394 -1 0 0
420 394 -1 0 0
419 394 -1 0 0
418 394 -1 0 0
417 394 -1 0 0
416 394 -1 0 0
415 394 -1 0 0
414 394 -1 0 0
413 394 -1 0 0
412 394 -1 0 0
422 393 -1 0 0
421 393 -1 0 0
420 393 -1 0 0
419 393 -1 0 0
418 393 -1 0 0
417 393 -1 0 0
416 393 -1 0 0
415 393 -1 0 0
414 393 -1 0 0
413 393 -1 0 0
412 393 -1 0 0
422 392 -1 0 0
421 392 -1 0 0
420 392 -1 0 0
419 392 -1 0 0
418 392 -1 0 0
417 392 -1 0 0
416 392 -1 0 0
415 392 -1 0 0
414 392 -1 0 0
413 392 -1 0 0
412 392 -1 0 0
421 391 -1 0 0
420 391 -1 0 0
419 391 -1 0 0
418 391 -1 0 0
417 391 -1 0 0
416 391 -1 0 0
415 391 -1 0 0
414 391 -1 0 0
413 391 -1 0 0
421 390 -1 0 0
420 390 -1 0 0
419 390 -1 0 0
418 390 -1 0 0
417 390 -1 0 0
416 390 -1 0 0
415 390 -1 0 0
414 390 -1 0 0
413 390 -1 0 0
419 389 -1 0 0
418 389 -1 0 0
417 389 -1 0 0
416 389 -1 0 0
415 389 -1 0 0
486 320 -1 0 0
485 320 -1 0 0
484 320 -1 0 0
483 320 -1 0 0
482 320 -1 0 0
488 319 -1 0 0
487 319 -1 0 0
486 319 -1 0 0
485 319 -1 0 0
484 319 -1 0 0
483 319 -1 0 0
482 319 -1 0 0
481 319 -1 0 0
480 319 -1 0 0
488 318 -1 0 0
487 318 -1 0 0
486 318 -1 0 0
485 318 -1 0 0
484 318 -1 0 0
483 318 -1 0 0
482 318 -1 0 0
481 318 -1 0 0
480 318 -1 0 0
489 317 -1 0 0
488 317 -1 0 0
487 317 -1 0 0
486 317 -1 0 0
485 317 -1 0 0
484 317 -1 0 0
483 317 -1 0 0
482 317 -1 0 0
481 317 -1 0 0
480 317 -1 0 0
479 317 -1 0 0
489 316 -1 0 0
488 316 -1 0 0
487 316 -1 0 0
486 316 -1 0 0
485 316 -1 0 0
484 316 -1 0 0
483 316 -1 0 0
482 316 -1 0 0
481 316 -1 0 0
480 316 -1 0 0
479 316 -1 0 0
489 315 -1 0 0
488 315 -1 0 0
487 315 -1 0 0
486 315 -1 0 0
485 315 -1 0 0
484 315 -1 0 0
483 315 -1 0 0
482 315 -1 0 0
481 315 -1 0 0
480 315 -1 0 0
479 315 -1 0 0
489 314 -1 0 0
488 314 -1 0 0
487 314 -1 0 0
486 314 -1 0 0
485 314 -1 0 0
484 314 -1 0 0
483 314 -1 0 0
482 314 -1 0 0
481 314 -1 0 0
480 314 -1 0 0
479 314 -1 0 0
489 313 -1 0 0
488 313 -1 0 0
487 313 -1 0 0
486 313 -1 0 0
485 313 -1 0 0
484 313 -1 0 0
483 313 -1 0 0
482 313 -1 0 0
481 313 -1 0 0
480 313 -1 0 0
479 313 -1 0 0
488 312 -1 0 0
487 312 -1 0 0
486 312 -1 0 0
485 312 -1 0 0
484 312 -1 0 0
483 312 -1 0 0
482 312 -1 0 0
481 312 -1 0 0
480 312 -1 0 0
488 311 -1 0 0
487 311 -1 0 0
486 311 -1 0 0
485 311 -1 0 0
484 311 -1 0 0
483 311 -1 0 0
482 311 -1 0 0
481 311 -1 0 0
480 311 -1 0 0
486 310 -1 0 0
485 310 -1 0 0
484 310 -1 0 0
483 310 -1 0 0
482 310 -1 0 0
209 287 -1 1 0
208 287 -1 1 0
207 287 -1 1 0
206 287 -1 1 0
205 287 -1 1 0
211 286 -1 1 0
210 286 -1 1 0
209 286 -1 1 0
208 286 -1 1 0
207 286 -1 1 0
206 286 -1 1 0
205 286 -1 1 0
204 286 -1 1 0
203 286 -1 1 0
211 285 -1 1 0
210 285 -1 1 0
209 285 -1 1 0
208 285 -1 1 0
207 285 -1 1 0
206 285 -1 1 0
205 285 -1 1 0
204 285 -1 1 0
203 285 -1 1 0
212 284 -1 1 0
211 284 -1 1 0
210 284 -1 1 0
209 284 -1 1 0
208 284 -1 1 0
207 284 -1 1 0
206 284 -1 1 0
205 284 -1 1 0
204 284 -1 1 0
203 284 -1 1 0
202 284 -1 1 0
212 283 -1 1 0
211 283 -1 1 0
210 283 -1 1 0
209 283 -1 1 0
208 283 -1 1 0
207 283 -1 1 0
206 283 -1 1 0
205 283 -1 1 0
204 283 -1 1 0
203 283 -1 1 0
202 283 -1 1 0
212 282 -1 1 0
211 282 -1 1 0
210 282 -1 1 0
209 282 -1 1 0
208 282 -1 1 0
207 282 -1 1 0
206 282 -1 1 0
205 282 -1 1 0
204 282 -1 1 0
203 282 -1 1 0
202 282 -1 1 0
212 281 -1 1 0
211 281 -1 1 0
210 281 -1 1 0
209 281 -1 1 0
208 281 -1 1 0
207 281 -1 1 0
206 281 -1 1 0
205 281 -1 1 0
204 281 -1 1 0
203 281 -1 1 0
202 281 -1 1 0
212 280 -1 1 0
211 280 -1 1 0
210 280 -1 1 0
209 280 -1 1 0
208 280 -1 1 0
207 280 -1 1 0
206 280 -1 1 0
205 280 -1 1 0
204 280 -1 1 0
203 280 -1 1 0
202 280 -1 1 0
211 279 -1 1 0
210 279 -1 1 0
209 279 -1 1 0
208 279 -1 1 0
207 279 -1 1 0
206 279 -1 1 0
205 279 -1 1 0
204 279 -1 1 0
203 279 -1 1 0
211 278 -1 1 0
210 278 -1 1 0
209 278 -1 1 0
208 278 -1 1 0
207 278 -1 1 0
206 278 -1 1 0
205 278 -1 1 0
204 278 -1 1 0
203 278 -1 1 0
209 277 -1 1 0
208 277 -1 1 0
207 277 -1 1 0
206 277 -1 1 0
205 277 -1 1 0
175 264 -1 0 0
174 264 -1 0 0
173 264 -1 0 0
172 264 -1 0 0
171 264 -1 0 0
177 263 -1 0 0
176 263 -1 0 0
175 263 -1 0 0
174 263 -1 0 0
173 263 -1 0 0
172 263 -1 0 0
171 263 -1 0 0
170 263 -1 0 0
169 263 -1 0 0
177 262 -1 0 0
176 262 -1 0 0
175 262 -1 0 0
174 262 -1 0 0
173 262 -1 0 0
172 262 -1 0 0
171 262 -1 0 0
170 262 -1 0 0
169 262 -1 0 0
178 261 -1 0 0
177 261 -1 0 0
176 261 -1 0 0
175 261 -1 0 0
174 261 -1 0 0
173 261 -1 0 0
172 261 -1 0 0
171 261 -1 0 0
170 261 -1 0 0
169 261 -1 0 0
168 261 -1 0 0
178 260 -1 0 0
177 260 -1 0 0
176 260 -1 0 0
175 260 -1 0 0
174 260 -1 0 0
173 260 -1 0 0
172 260 -1 0 0
171 260 -1 0 0
170 260 -1 0 0
169 260 -1 0 0
168 260 -1 0 0
178 259 -1 0 0
177 259 -1 0 0
176 259 -1 0 0
175 259 -1 0 0
174 259 -1 0 0
173 259 -1 0 0
172 259 -1 0 0
171 259 -1 0 0
170 259 -1 0 0
169 259 -1 0 0
168 259 -1 0 0
178 258 -1 0 0
177 258 -1 0 0
176 258 -1 0 0
175 258 -1 0 0
174 258 -1 0 0
173 258 -1 0 0
172 258 -1 0 0
171 258 -1 0 0
170 258 -1 0 0
169 258 -1 0 0
168 258 -1 0 0
178 257 -1 0 0
177 257 -1 0 0
176 257 -1 0 0
175 257 -1 0 0
174 257 -1 0 0
173 257 -1 0 0
172 257 -1 0 0
171 257 -1 0 0
170 257 -1 0 0
169 257 -1 0 0
168 257 -1 0 0
177 256 -1 0 0
176 256 -1 0 0
175 256 -1 0 0
174 256 -1 0 0
173 256 -1 0 0
172 256 -1 0 0
171 256 -1 0 0
170 256 -1 0 0
169 256 -1 0 0
177 255 -1 0 0
176 255 -1 0 0
175 255 -1 0 0
174 255 -1 0 0
173 255 -1 0 0
172 255 -1 0 0
171 255 -1 0 0
170 255 -1 0 0
169 255 -1 0 0
175 254 -1 0 0
174 254 -1 0 0
173 254 -1 0 0
172 254 -1 0 0
171 254 -1 0 0
325 246 -1 1 0
324 246 -1 1 0
323 246 -1 1 0
322 246 -1 1 0
321 246 -1 1 0
327 245 -1 1 0
326 245 -1 1 0
325 245 -1 1 0
324 245 -1 1 0
323 245 -1 1 0
322 245 -1 1 0
321 245 -1 1 0
320 245 -1 1 0
319 245 -1 1 0
327 244 -1 1 0
326 244 -1 1 0
325 244 -1 1 0
324 244 -1 1 0
323 244 -1 1 0
322 244 -1 1 0
321 244 -1 1 0
320 244 -1 1 0
319 244 -1 1 0
328 243 -1 1 0
327 243 -1 1 0
326 243 -1 1 0
325 243 -1 1 0
324 243 -1 1 0
323 243 -1 1 0
322 243 -1 1 0
321 243 -1 1 0
320 243 -1 1 0
319 243 -1 1 0
318 243 -1 1 0
328 242 -1 1 0
327 242 -1 1 0
326 242 -1 1 0
325 242 -1 1 0
324 242 -1 1 0
323 242 -1 1 0
322 242 -1 1 0
321 242 -1 1 0
320 242 -1 1 0
319 242 -1 1 0
318 242 -1 1 0
328 241 -1 1 0
327 241 -1 1 0
326 241 -1 1 0
325 241 -1 1 0
324 241 -1 1 0
323 241 -1 1 0
322 241 -1 1 0
321 241 -1 1 0
320 241 -1 1 0
319 241 -1 1 0
318 241 -1 1 0
328 240 -1 1 0
327 240 -1 1 0
326 240 -1 1 0
325 240 -1 1 0
324 240 -1 1 0
323 240 -1 1 0
322 240 -1 1 0
321 240 -1 1 0
320 240 -1 1 0
319 240 -1 1 0
318 240 -1 1 0
328 239 -1 1 0
327 239 -1 1 0
326 239 -1 1 0
325 239 -1 1 0
324 239 -1 1 0
323 239 -1 1 0
322 239 -1 1 0
321 239 -1 1 0
320 239 -1 1 0
319 239 -1 1 0
318 239 -1 1 0
327 238 -1 1 0
326 238 -1 1 0
325 238 -1 1 0
324 238 -1 1 0
323 238 -1 1 0
322 238 -1 1 0
321 238 -1 1 0
320 238 -1 1 0
319 238 -1 1 0
327 237 -1 1 0
326 237 -1 1 0
325 237 -1 1 0
324 237 -1 1 0
323 237 -1 1 0
322 237 -1 1 0
321 237 -1 1 0
320 237 -1 1 0
319 237 -1 1 0
325 236 -1 1 0
324 236 -1 1 0
323 236 -1 1 0
322 236 -1 1 0
321 236 -1 1 0
254 151 -1 1 0
253 151 -1 1 0
252 151 -1 1 0
251 151 -1 1 0
250 151 -1 1 0
256 150 -1 1 0
255 150 -1 1 0
254 150 -1 1 0
253 150 -1 1 0
252 150 -1 1 0
251 150 -1 1 0
250 150 -1 1 0
249 150 -1 1 0
248 150 -1 1 0
256 149 -1 1 0
255 149 -1 1 0
254 149 -1 1 0
253 149 -1 1 0
252 149 -1 1 0
251 149 -1 1 0
250 149 -1 1 0
249 149 -1 1 0
248 149 -1 1 0
257 148 -1 1 0
256 148 -1 1 0
255 148 -1 1 0
254 148 -1 1 0
253 148 -1 1 0
252 148 -1 1 0
251 148 -1 1 0
250 148 -1 1 0
249 148 -1 1 0
248 148 -1 1 0
247 148 -1 1 0
257 147 -1 1 0
256 147 -1 1 0
255 147 -1 1 0
254 147 -1 1 0
253 147 -1 1 0
252 147 -1 1 0
251 147 -1 1 0
250 147 -1 1 0
249 147 -1 1 0
248 147 -1 1 0
247 147 -1 1 0
257 146 -1 1 0
256 146 -1 1 0
255 146 -1 1 0
254 146 -1 1 0
253 146 -1 1 0
252 146 -1 1 0
251 146 -1 1 0
250 146 -1 1 0
249 146 -1 1 0
248 146 -1 1 0
247 146 -1 1 0
257 145 -1 1 0
256 145 -1 1 0
255 145 -1 1 0
254 145 -1 1 0
253 145 -1 1 0
252 145 -1 1 0
251 145 -1 1 0
250 145 -1 1 0
249 145 -1 1 0
248 145 -1 1 0
247 145 -1 1 0
257 144 -1 1 0
256 144 -1 1 0
255 144 -1 1 0
254 144 -1 1 0
253 144 -1 1 0
252 144 -1 1 0
251 144 -1 1 0
250 144 -1 1 0
249 144 -1 1 0
248 144 -1 1 0
247 144 -1 1 0
256 143 -1 1 0
255 143 -1 1 0
254 143 -1 1 0
253 143 -1 1 0
252 143 -1 1 0
251 143 -1 1 0
250 143 -1 1 0
249 143 -1 1 0
248 143 -1 1 0
256 142 -1 1 0
255 142 -1 1 0
254 142 -1 1 0
253 142 -1 1 0
252 142 -1 1 0
251 142 -1 1 0
250 142 -1 1 0
249 142 -1 1 0
248 142 -1 1 0
254 141 -1 1 0
253 141 -1 1 0
252 141 -1 1 0
251 141 -1 1 0
250 141 -1 1 0
266 132 -1 0 0
265 132 -1 0 0
264 132 -1 0 0
263 132 -1 0 0
262 132 -1 0 0
268 131 -1 0 0
267 131 -1 0 0
266 131 -1 0 0
265 131 -1 0 0
264 131 -1 0 0
263 131 -1 0 0
262 131 -1 0 0
261 131 -1 0 0
260 131 -1 0 0
268 130 -1 0 0
267 130 -1 0 0
266 130 -1 0 0
265 130 -1 0 0
264 130 -1 0 0
263 130 -1 0 0
262 130 -1 0 0
261 130 -1 0 0
260 130 -1 0 0
269 129 -1 0 0
268 129 -1 0 0
267 129 -1 0 0
266 129 -1 0 0
265 129 -1 0 0
264 129 -1 0 0
263 129 -1 0 0
262 129 -1 0 0
261 129 -1 0 0
260 129 -1 0 0
259 129 -1 0 0
269 128 -1 0 0
268 128 -1 0 0
267 128 -1 0 0
266 128 -1 0 0
265 128 -1 0 0
264 128 -1 0 0
263 128 -1 0 0
262 128 -1 0 0
261 128 -1 0 0
260 128 -1 0 0
259 128 -1 0 0
269 127 -1 0 0
268 127 -1 0 0
267 127 -1 0 0
266 127 -1 0 0
265 127 -1 0 0
264 127 -1 0 0
263 127 -1 0 0
262 127 -1 0 0
261 127 -1 0 0
260 127 -1 0 0
259 127 -1 0 0
269 126 -1 0 0
268 126 -1 0 0
267 126 -1 0 0
266 126 -1 0 0
265 126 -1 0 0
264 126 -1 0 0
263 126 -1 0 0
262 126 -1 0 0
261 126 -1 0 0
260 126 -1 0 0
259 126 -1 0 0
269 125 -1 0 0
268 125 -1 0 0
267 125 -1 0 0
266 125 -1 0 0
265 125 -1 0 0
264 125 -1 0 0
263 125 -1 0 0
262 125 -1 0 0
261 125 -1 0 0
260 125 -1 0 0
259 125 -1 0 0
268 124 -1 0 0
267 124 -1 0 0
266 124 -1 0 0
265 124 -1 0 0
264 124 -1 0 0
263 124 -1 0 0
262 124 -1 0 0
261 124 -1 0 0
260 124 -1 0 0
268 123 -1 0 0
267 123 -1 0 0
266 123 -1 0 0
265 123 -1 0 0
264 123 -1 0 0
263 123 -1 0 0
262 123 -1 0 0
261 123 -1 0 0
260 123 -1 0 0
266 122 -1 0 0
265 122 -1 0 0
264 122 -1 0 0
263 122 -1 0 0
262 122 -1 0 0
