791 321 481
213 399 -1 0 0
216 398 -1 0 0
215 398 -1 0 0
214 398 -1 0 0
213 398 -1 0 0
212 398 -1 0 0
211 398 -1 0 0
210 398 -1 0 0
217 397 -1 0 0
216 397 -1 0 0
215 397 -1 0 0
214 397 -1 0 0
213 397 -1 0 0
212 397 -1 0 0
211 397 -1 0 0
210 397 -1 0 0
209 397 -1 0 0
218 396 -1 0 0
217 396 -1 0 0
216 396 -1 0 0
215 396 -1 0 0
214 396 -1 0 0
213 396 -1 0 0
212 396 -1 0 0
211 396 -1 0 0
210 396 -1 0 0
209 396 -1 0 0
208 396 -1 0 0
218 395 -1 0 0
217 395 -1 0 0
216 395 -1 0 0
215 395 -1 0 0
214 395 -1 0 0
213 395 -1 0 0
212 395 -1 0 0
211 395 -1 0 0
210 395 -1 0 0
209 395 -1 0 0
208 395 -1 0 0
218 394 -1 0 0
217 394 -1 0 0
216 394 -1 0 0
215 394 -1 0 0
214 394 -1 0 0
213 394 -1 0 0
212 394 -1 0 0
211 394 -1 0 0
210 394 -1 0 0
209 394 -1 0 0
208 394 -1 0 0
219 393 -1 0 0
218 393 -1 0 0
217 393 -1 0 0
216 393 -1 0 0
215 393 -1 0 0
214 393 -1 0 0
213 393 -1 0 0
212 393 -1 0 0
211 393 -1 0 0
210 393 -1 0 0
209 393 -1 0 0
208 393 -1 0 0
207 393 -1 0 0
218 392 -1 0 0
217 392 -1 0 0
216 392 -1 0 0
215 392 -1 0 0
214 392 -1 0 0
213 392 -1 0 0
212 392 -1 0 0
211 392 -1 0 0
210 392 -1 0 0
209 392 -1 0 0
208 392 -1 0 0
218 391 -1 0 0
217 391 -1 0 0
216 391 -1 0 0
215 391 -1 0 0
214 391 -1 0 0
213 391 -1 0 0
212 391 -1 0 0
211 391 -1 0 0
210 391 -1 0 0
209 391 -1 0 0
208 391 -1 0 0
218 390 -1 0 0
217 390 -1 0 0
216 390 -1 0 0
215 390 -1 0 0
214 390 -1 0 0
213 390 -1 0 0
212 390 -1 0 0
211 390 -1 0 0
210 390 -1 0 0
209 390 -1 0 0
208 390 -1 0 0
217 389 -1 0 0
216 389 -1 0 0
215 389 -1 0 0
214 389 -1 0 0
213 389 -1 0 0
212 389 -1 0 0
211 389 -1 0 0
210 389 -1 0 0
209 389 -1 0 0
216 388 -1 0 0
215 388 -1 0 0
214 388 -1 0 0
213 388 -1 0 0
212 388 -1 0 0
211 388 -1 0 0
210 388 -1 0 0
213 387 -1 0 0
175 382 -1 1 0
178 381 -1 1 0
177 381 -1 1 0
176 381 -1 1 0
175 381 -1 1 0
174 381 -1 1 0
173 381 -1 1 0
172 381 -1 1 0
179 380 -1 1 0
178 380 -1 1 0
177 380 -1 1 0
176 380 -1 1 0
175 380 -1 1 0
174 380 -1 1 0
173 380 -1 1 0
172 380 -1 1 0
171 380 -1 1 0
180 379 -1 1 0
179 379 -1 1 0
178 379 -1 1 0
177 379 -1 1 0
176 379 -1 1 0
175 379 -1 1 0
174 379 -1 1 0
173 379 -1 1 0
172 379 -1 1 0
171 379 -1 1 0
170 379 -1 1 0
180 378 -1 1 0
179 378 -1 1 0
178 378 -1 1 0
177 378 -1 1 0
176 378 -1 1 0
175 378 -1 1 0
174 378 -1 1 0
173 378 -1 1 0
172 378 -1 1 0
171 378 -1 1 0
170 378 -1 1 0
180 377 -1 1 0
179 377 -1 1 0
178 377 -1 1 0
177 377 -1 1 0
176 377 -1 1 0
175 377 -1 1 0
174 377 -1 1 0
173 377 -1 1 0
172 377 -1 1 0
171 377 -1 1 0
170 377 -1 1 0
181 376 -1 1 0
180 376 -1 1 0
179 376 -1 1 0
178 376 -1 1 0
177 376 -1 1 0
176 376 -1 1 0
175 376 -1 1 0
174 376 -1 1 0
173 376 -1 1 0
172 376 -1 1 0
171 376 -1 1 0
170 376 -1 1 0
169 376 -1 1 0
180 375 -1 1 0
179 375 -1 1 0
178 375 -1 1 0
177 375 -1 1 0
176 375 -1 1 0
175 375 -1 1 0
174 375 -1 1 0
173 375 -1 1 0
172 375 -1 1 0
171 375 -1 1 0
170 375 -1 1 0
180 374 -1 1 0
179 374 -1 1 0
178 374 -1 1 0
177 374 -1 1 0
176 374 -1 1 0
175 374 -1 1 0
174 374 -1 1 0
173 374 -1 1 0
172 374 -1 1 0
171 374 -1 1 0
170 374 -1 1 0
180 373 -1 1 0
179 373 -1 1 0
178 373 -1 1 0
177 373 -1 1 0
176 373 -1 1 0
175 373 -1 1 0
174 373 -1 1 0
173 373 -1 1 0
172 373 -1 1 0
171 373 -1 1 0
170 373 -1 1 0
179 372 -1 1 0
178 372 -1 1 0
177 372 -1 1 0
176 372 -1 1 0
175 372 -1 1 0
174 372 -1 1 0
173 372 -1 1 0
172 372 -1 1 0
171 372 -1 1 0
178 371 -1 1 0
177 371 -1 1 0
176 371 -1 1 0
175 371 -1 1 0
174 371 -1 1 0
173 371 -1 1 0
172 371 -1 1 0
175 370 -1 1 0
145 238 -1 1 0
148 237 -1 1 0
147 237 -1 1 0
146 237 -1 1 0
145 237 -1 1 0
144 237 -1 1 0
143 237 -1 1 0
142 237 -1 1 0
149 236 -1 1 0
148 236 -1 1 0
147 236 -1 1 0
146 236 -1 1 0
145 236 -1 1 0
144 236 -1 1 0
143 236 -1 1 0
142 236 -1 1 0
141 236 -1 1 0
150 235 -1 1 0
149 235 -1 1 0
148 235 -1 1 0
147 235 -1 1 0
146 235 -1 1 0
145 235 -1 1 0
144 235 -1 1 0
143 235 -1 1 0
142 235 -1 1 0
141 235 -1 1 0
140 235 -1 1 0
150 234 -1 1 0
149 234 -1 1 0
148 234 -1 1 0
147 234 -1 1 0
146 234 -1 1 0
145 234 -1 1 0
144 234 -1 1 0
143 234 -1 1 0
142 234 -1 1 0
141 234 -1 1 0
140 234 -1 1 0
150 233 -1 1 0
149 233 -1 1 0
148 233 -1 1 0
147 233 -1 1 0
146 233 -1 1 0
145 233 -1 1 0
144 233 -1 1 0
143 233 -1 1 0
142 233 -1 1 0
141 233 -1 1 0
140 233 -1 1 0
151 232 -1 1 0
150 232 -1 1 0
149 232 -1 1 0
148 232 -1 1 0
147 232 -1 1 0
146 232 -1 1 0
145 232 -1 1 0
144 232 -1 1 0
143 232 -1 1 0
142 232 -1 1 0
141 232 -1 1 0
140 232 -1 1 0
139 232 -1 1 0
150 231 -1 1 0
149 231 -1 1 0
148 231 -1 1 0
147 231 -1 1 0
146 231 -1 1 0
145 231 -1 1 0
144 231 -1 1 0
143 231 -1 1 0
142 231 -1 1 0
141 231 -1 1 0
140 231 -1 1 0
150 230 -1 1 0
149 230 -1 1 0
148 230 -1 1 0
147 230 -1 1 0
146 230 -1 1 0
145 230 -1 1 0
144 230 -1 1 0
143 230 -1 1 0
142 230 -1 1 0
141 230 -1 1 0
140 230 -1 1 0
150 229 -1 1 0
149 229 -1 1 0
148 229 -1 1 0
147 229 -1 1 0
146 229 -1 1 0
145 229 -1 1 0
144 229 -1 1 0
143 229 -1 1 0
142 229 -1 1 0
141 229 -1 1 0
140 229 -1 1 0
149 228 -1 1 0
148 228 -1 1 0
147 228 -1 1 0
146 228 -1 1 0
145 228 -1 1 0
144 228 -1 1 0
143 228 -1 1 0
142 228 -1 1 0
141 228 -1 1 0
148 227 -1 1 0
147 227 -1 1 0
146 227 -1 1 0
145 227 -1 1 0
144 227 -1 1 0
143 227 -1 1 0
142 227 -1 1 0
145 226 -1 1 0
64 137 -1 0 0
229 136 -1 0 0
67 136 -1 0 0
66 136 -1 0 0
65 136 -1 0 0
64 136 -1 0 0
63 136 -1 0 0
62 136 -1 0 0
61 136 -1 0 0
232 135 -1 0 0
231 135 -1 0 0
230 135 -1 0 0
229 135 -1 0 0
228 135 -1 0 0
227 135 -1 0 0
226 135 -1 0 0
68 135 -1 0 0
67 135 -1 0 0
66 135 -1 0 0
65 135 -1 0 0
64 135 -1 0 0
63 135 -1 0 0
62 135 -1 0 0
61 135 -1 0 0
60 135 -1 0 0
233 134 -1 0 0
232 134 -1 0 0
231 134 -1 0 0
230 134 -1 0 0
229 134 -1 0 0
228 134 -1 0 0
227 134 -1 0 0
226 134 -1 0 0
225 134 -1 0 0
69 134 -1 0 0
68 134 -1 0 0
67 134 -1 0 0
66 134 -1 0 0
65 134 -1 0 0
64 134 -1 0 0
63 134 -1 0 0
62 134 -1 0 0
61 134 -1 0 0
60 134 -1 0 0
59 134 -1 0 0
234 133 -1 0 0
233 133 -1 0 0
232 133 -1 0 0
231 133 -1 0 0
230 133 -1 0 0
229 133 -1 0 0
228 133 -1 0 0
227 133 -1 0 0
226 133 -1 0 0
225 133 -1 0 0
224 133 -1 0 0
69 133 -1 0 0
68 133 -1 0 0
67 133 -1 0 0
66 133 -1 0 0
65 133 -1 0 0
64 133 -1 0 0
63 133 -1 0 0
62 133 -1 0 0
61 133 -1 0 0
60 133 -1 0 0
59 133 -1 0 0
292 132 -1 0 0
234 132 -1 0 0
233 132 -1 0 0
232 132 -1 0 0
231 132 -1 0 0
230 132 -1 0 0
229 132 -1 0 0
228 132 -1 0 0
227 132 -1 0 0
226 132 -1 0 0
225 132 -1 0 0
224 132 -1 0 0
69 132 -1 0 0
68 132 -1 0 0
67 132 -1 0 0
66 132 -1 0 0
65 132 -1 0 0
64 132 -1 0 0
63 132 -1 0 0
62 132 -1 0 0
61 132 -1 0 0
60 132 -1 0 0
59 132 -1 0 0
295 131 -1 0 0
294 131 -1 0 0
293 131 -1 0 0
292 131 -1 0 0
291 131 -1 0 0
290 131 -1 0 0
289 131 -1 0 0
234 131 -1 0 0
233 131 -1 0 0
232 131 -1 0 0
231 131 -1 0 0
230 131 -1 0 0
229 131 -1 0 0
228 131 -1 0 0
227 131 -1 0 0
226 131 -1 0 0
225 131 -1 0 0
224 131 -1 0 0
70 131 -1 0 0
69 131 -1 0 0
68 131 -1 0 0
67 131 -1 0 0
66 131 -1 0 0
65 131 -1 0 0
64 131 -1 0 0
63 131 -1 0 0
62 131 -1 0 0
61 131 -1 0 0
60 131 -1 0 0
59 131 -1 0 0
58 131 -1 0 0
296 130 -1 0 0
295 130 -1 0 0
294 130 -1 0 0
293 130 -1 0 0
292 130 -1 0 0
291 130 -1 0 0
290 130 -1 0 0
289 130 -1 0 0
288 130 -1 0 0
235 130 -1 0 0
234 130 -1 0 0
233 130 -1 0 0
232 130 -1 0 0
231 130 -1 0 0
230 130 -1 0 0
229 130 -1 0 0
228 130 -1 0 0
227 130 -1 0 0
226 130 -1 0 0
225 130 -1 0 0
224 130 -1 0 0
223 130 -1 0 0
69 130 -1 0 0
68 130 -1 0 0
67 130 -1 0 0
66 130 -1 0 0
65 130 -1 0 0
64 130 -1 0 0
63 130 -1 0 0
62 130 -1 0 0
61 130 -1 0 0
60 130 -1 0 0
59 130 -1 0 0
297 129 -1 0 0
296 129 -1 0 0
295 129 -1 0 0
294 129 -1 0 0
293 129 -1 0 0
292 129 -1 0 0
291 129 -1 0 0
290 129 -1 0 0
289 129 -1 0 0
288 129 -1 0 0
287 129 -1 0 0
234 129 -1 0 0
233 129 -1 0 0
232 129 -1 0 0
231 129 -1 0 0
230 129 -1 0 0
229 129 -1 0 0
228 129 -1 0 0
227 129 -1 0 0
226 129 -1 0 0
225 129 -1 0 0
224 129 -1 0 0
69 129 -1 0 0
68 129 -1 0 0
67 129 -1 0 0
66 129 -1 0 0
65 129 -1 0 0
64 129 -1 0 0
63 129 -1 0 0
62 129 -1 0 0
61 129 -1 0 0
60 129 -1 0 0
59 129 -1 0 0
297 128 -1 0 0
296 128 -1 0 0
295 128 -1 0 0
294 128 -1 0 0
293 128 -1 0 0
292 128 -1 0 0
291 128 -1 0 0
290 128 -1 0 0
289 128 -1 0 0
288 128 -1 0 0
287 128 -1 0 0
234 128 -1 0 0
233 128 -1 0 0
232 128 -1 0 0
231 128 -1 0 0
230 128 -1 0 0
229 128 -1 0 0
228 128 -1 0 0
227 128 -1 0 0
226 128 -1 0 0
225 128 -1 0 0
224 128 -1 0 0
69 128 -1 0 0
68 128 -1 0 0
67 128 -1 0 0
66 128 -1 0 0
65 128 -1 0 0
64 128 -1 0 0
63 128 -1 0 0
62 128 -1 0 0
61 128 -1 0 0
60 128 -1 0 0
59 128 -1 0 0
297 127 -1 0 0
296 127 -1 0 0
295 127 -1 0 0
294 127 -1 0 0
293 127 -1 0 0
292 127 -1 0 0
291 127 -1 0 0
290 127 -1 0 0
289 127 -1 0 0
288 127 -1 0 0
287 127 -1 0 0
234 127 -1 0 0
233 127 -1 0 0
232 127 -1 0 0
231 127 -1 0 0
230 127 -1 0 0
229 127 -1 0 0
228 127 -1 0 0
227 127 -1 0 0
226 127 -1 0 0
225 127 -1 0 0
224 127 -1 0 0
68 127 -1 0 0
67 127 -1 0 0
66 127 -1 0 0
65 127 -1 0 0
64 127 -1 0 0
63 127 -1 0 0
62 127 -1 0 0
61 127 -1 0 0
60 127 -1 0 0
298 126 -1 0 0
297 126 -1 0 0
296 126 -1 0 0
295 126 -1 0 0
294 126 -1 0 0
293 126 -1 0 0
292 126 -1 0 0
291 126 -1 0 0
290 126 -1 0 0
289 126 -1 0 0
288 126 -1 0 0
287 126 -1 0 0
286 126 -1 0 0
233 126 -1 0 0
232 126 -1 0 0
231 126 -1 0 0
230 126 -1 0 0
229 126 -1 0 0
228 126 -1 0 0
227 126 -1 0 0
226 126 -1 0 0
225 126 -1 0 0
67 126 -1 0 0
66 126 -1 0 0
65 126 -1 0 0
64 126 -1 0 0
63 126 -1 0 0
62 126 -1 0 0
61 126 -1 0 0
297 125 -1 0 0
296 125 -1 0 0
295 125 -1 0 0
294 125 -1 0 0
293 125 -1 0 0
292 125 -1 0 0
291 125 -1 0 0
290 125 -1 0 0
289 125 -1 0 0
288 125 -1 0 0
287 125 -1 0 0
232 125 -1 0 0
231 125 -1 0 0
230 125 -1 0 0
229 125 -1 0 0
228 125 -1 0 0
227 125 -1 0 0
226 125 -1 0 0
64 125 -1 0 0
297 124 -1 0 0
296 124 -1 0 0
295 124 -1 0 0
294 124 -1 0 0
293 124 -1 0 0
292 124 -1 0 0
291 124 -1 0 0
290 124 -1 0 0
289 124 -1 0 0
288 124 -1 0 0
287 124 -1 0 0
229 124 -1 0 0
297 123 -1 0 0
296 123 -1 0 0
295 123 -1 0 0
294 123 -1 0 0
293 123 -1 0 0
292 123 -1 0 0
291 123 -1 0 0
290 123 -1 0 0
289 123 -1 0 0
288 123 -1 0 0
287 123 -1 0 0
296 122 -1 0 0
295 122 -1 0 0
294 122 -1 0 0
293 122 -1 0 0
292 122 -1 0 0
291 122 -1 0 0
290 122 -1 0 0
289 122 -1 0 0
288 122 -1 0 0
295 121 -1 0 0
294 121 -1 0 0
293 121 -1 0 0
292 121 -1 0 0
291 121 -1 0 0
290 121 -1 0 0
289 121 -1 0 0
292 120 -1 0 0
69 111 -1 1 0
72 110 -1 1 0
71 110 -1 1 0
70 110 -1 1 0
69 110 -1 1 0
68 110 -1 1 0
67 110 -1 1 0
66 110 -1 1 0
73 109 -1 1 0
72 109 -1 1 0
71 109 -1 1 0
70 109 -1 1 0
69 109 -1 1 0
68 109 -1 1 0
67 109 -1 1 0
66 109 -1 1 0
65 109 -1 1 0
74 108 -1 1 0
73 108 -1 1 0
72 108 -1 1 0
71 108 -1 1 0
70 108 -1 1 0
69 108 -1 1 0
68 108 -1 1 0
67 108 -1 1 0
66 108 -1 1 0
65 108 -1 1 0
64 108 -1 1 0
74 107 -1 1 0
73 107 -1 1 0
72 107 -1 1 0
71 107 -1 1 0
70 107 -1 1 0
69 107 -1 1 0
68 107 -1 1 0
67 107 -1 1 0
66 107 -1 1 0
65 107 -1 1 0
64 107 -1 1 0
74 106 -1 1 0
73 106 -1 1 0
72 106 -1 1 0
71 106 -1 1 0
70 106 -1 1 0
69 106 -1 1 0
68 106 -1 1 0
67 106 -1 1 0
66 106 -1 1 0
65 106 -1 1 0
64 106 -1 1 0
75 105 -1 1 0
74 105 -1 1 0
73 105 -1 1 0
72 105 -1 1 0
71 105 -1 1 0
70 105 -1 1 0
69 105 -1 1 0
68 105 -1 1 0
67 105 -1 1 0
66 105 -1 1 0
65 105 -1 1 0
64 105 -1 1 0
63 105 -1 1 0
74 104 -1 1 0
73 104 -1 1 0
72 104 -1 1 0
71 104 -1 1 0
70 104 -1 1 0
69 104 -1 1 0
68 104 -1 1 0
67 104 -1 1 0
66 104 -1 1 0
65 104 -1 1 0
64 104 -1 1 0
74 103 -1 1 0
73 103 -1 1 0
72 103 -1 1 0
71 103 -1 1 0
70 103 -1 1 0
69 103 -1 1 0
68 103 -1 1 0
67 103 -1 1 0
66 103 -1 1 0
65 103 -1 1 0
64 103 -1 1 0
74 102 -1 1 0
73 102 -1 1 0
72 102 -1 1 0
71 102 -1 1 0
70 102 -1 1 0
69 102 -1 1 0
68 102 -1 1 0
67 102 -1 1 0
66 102 -1 1 0
65 102 -1 1 0
64 102 -1 1 0
73 101 -1 1 0
72 101 -1 1 0
71 101 -1 1 0
70 101 -1 1 0
69 101 -1 1 0
68 101 -1 1 0
67 101 -1 1 0
66 101 -1 1 0
65 101 -1 1 0
72 100 -1 1 0
71 100 -1 1 0
70 100 -1 1 0
69 100 -1 1 0
68 100 -1 1 0
67 100 -1 1 0
66 100 -1 1 0
69 99 -1 1 0
