561 512 512
59 257 -1 1 0
58 257 -1 1 0
57 257 -1 1 0
56 257 -1 1 0
55 257 -1 1 0
61 256 -1 1 0
60 256 -1 1 0
59 256 -1 1 0
58 256 -1 1 0
57 256 -1 1 0
56 256 -1 1 0
55 256 -1 1 0
54 256 -1 1 0
53 256 -1 1 0
62 255 -1 1 0
61 255 -1 1 0
60 255 -1 1 0
59 255 -1 1 0
58 255 -1 1 0
57 255 -1 1 0
56 255 -1 1 0
55 255 -1 1 0
54 255 -1 1 0
53 255 -1 1 0
52 255 -1 1 0
62 254 -1 1 0
61 254 -1 1 0
60 254 -1 1 0
59 254 -1 1 0
58 254 -1 1 0
57 254 -1 1 0
56 254 -1 1 0
55 254 -1 1 0
54 254 -1 1 0
53 254 -1 1 0
52 254 -1 1 0
63 253 -1 1 0
62 253 -1 1 0
61 253 -1 1 0
60 253 -1 1 0
59 253 -1 1 0
58 253 -1 1 0
57 253 -1 1 0
56 253 -1 1 0
55 253 -1 1 0
54 253 -1 1 0
53 253 -1 1 0
52 253 -1 1 0
51 253 -1 1 0
63 252 -1 1 0
62 252 -1 1 0
61 252 -1 1 0
60 252 -1 1 0
59 252 -1 1 0
58 252 -1 1 0
57 252 -1 1 0
56 252 -1 1 0
55 252 -1 1 0
54 252 -1 1 0
53 252 -1 1 0
52 252 -1 1 0
51 252 -1 1 0
63 251 -1 1 0
62 251 -1 1 0
61 251 -1 1 0
60 251 -1 1 0
59 251 -1 1 0
58 251 -1 1 0
57 251 -1 1 0
56 251 -1 1 0
55 251 -1 1 0
54 251 -1 1 0
53 251 -1 1 0
52 251 -1 1 0
51 251 -1 1 0
63 250 -1 1 0
62 250 -1 1 0
61 250 -1 1 0
60 250 -1 1 0
59 250 -1 1 0
58 250 -1 1 0
57 250 -1 1 0
56 250 -1 1 0
55 250 -1 1 0
54 250 -1 1 0
53 250 -1 1 0
52 250 -1 1 0
51 250 -1 1 0
63 249 -1 1 0
62 249 -1 1 0
61 249 -1 1 0
60 249 -1 1 0
59 249 -1 1 0
58 249 -1 1 0
57 249 -1 1 0
56 249 -1 1 0
55 249 -1 1 0
54 249 -1 1 0
53 249 -1 1 0
52 249 -1 1 0
51 249 -1 1 0
62 248 -1 1 0
61 248 -1 1 0
60 248 -1 1 0
59 248 -1 1 0
58 248 -1 1 0
57 248 -1 1 0
56 248 -1 1 0
55 248 -1 1 0
54 248 -1 1 0
53 248 -1 1 0
52 248 -1 1 0
62 247 -1 1 0
61 247 -1 1 0
60 247 -1 1 0
59 247 -1 1 0
58 247 -1 1 0
57 247 -1 1 0
56 247 -1 1 0
55 247 -1 1 0
54 247 -1 1 0
53 247 -1 1 0
52 247 -1 1 0
61 246 -1 1 0
60 246 -1 1 0
59 246 -1 1 0
58 246 -1 1 0
57 246 -1 1 0
56 246 -1 1 0
55 246 -1 1 0
54 246 -1 1 0
53 246 -1 1 0
59 245 -1 1 0
58 245 -1 1 0
57 245 -1 1 0
56 245 -1 1 0
55 245 -1 1 0
39 238 -1 0 0
38 238 -1 0 0
37 238 -1 0 0
36 238 -1 0 0
35 238 -1 0 0
41 237 -1 0 0
40 237 -1 0 0
39 237 -1 0 0
38 237 -1 0 0
37 237 -1 0 0
36 237 -1 0 0
35 237 -1 0 0
34 237 -1 0 0
33 237 -1 0 0
42 236 -1 0 0
41 236 -1 0 0
40 236 -1 0 0
39 236 -1 0 0
38 236 -1 0 0
37 236 -1 0 0
36 236 -1 0 0
35 236 -1 0 0
34 236 -1 0 0
33 236 -1 0 0
32 236 -1 0 0
42 235 -1 0 0
41 235 -1 0 0
40 235 -1 0 0
39 235 -1 0 0
38 235 -1 0 0
37 235 -1 0 0
36 235 -1 0 0
35 235 -1 0 0
34 235 -1 0 0
33 235 -1 0 0
32 235 -1 0 0
43 234 -1 0 0
42 234 -1 0 0
41 234 -1 0 0
40 234 -1 0 0
39 234 -1 0 0
38 234 -1 0 0
37 234 -1 0 0
36 234 -1 0 0
35 234 -1 0 0
34 234 -1 0 0
33 234 -1 0 0
32 234 -1 0 0
31 234 -1 0 0
43 233 -1 0 0
42 233 -1 0 0
41 233 -1 0 0
40 233 -1 0 0
39 233 -1 0 0
38 233 -1 0 0
37 233 -1 0 0
36 233 -1 0 0
35 233 -1 0 0
34 233 -1 0 0
33 233 -1 0 0
32 233 -1 0 0
31 233 -1 0 0
43 232 -1 0 0
42 232 -1 0 0
41 232 -1 0 0
40 232 -1 0 0
39 232 -1 0 0
38 232 -1 0 0
37 232 -1 0 0
36 232 -1 0 0
35 232 -1 0 0
34 232 -1 0 0
33 232 -1 0 0
32 232 -1 0 0
31 232 -1 0 0
43 231 -1 0 0
42 231 -1 0 0
41 231 -1 0 0
40 231 -1 0 0
39 231 -1 0 0
38 231 -1 0 0
37 231 -1 0 0
36 231 -1 0 0
35 231 -1 0 0
34 231 -1 0 0
33 231 -1 0 0
32 231 -1 0 0
31 231 -1 0 0
43 230 -1 0 0
42 230 -1 0 0
41 230 -1 0 0
40 230 -1 0 0
39 230 -1 0 0
38 230 -1 0 0
37 230 -1 0 0
36 230 -1 0 0
35 230 -1 0 0
34 230 -1 0 0
33 230 -1 0 0
32 230 -1 0 0
31 230 -1 0 0
42 229 -1 0 0
41 229 -1 0 0
40 229 -1 0 0
39 229 -1 0 0
38 229 -1 0 0
37 229 -1 0 0
36 229 -1 0 0
35 229 -1 0 0
34 229 -1 0 0
33 229 -1 0 0
32 229 -1 0 0
42 228 -1 0 0
41 228 -1 0 0
40 228 -1 0 0
39 228 -1 0 0
38 228 -1 0 0
37 228 -1 0 0
36 228 -1 0 0
35 228 -1 0 0
34 228 -1 0 0
33 228 -1 0 0
32 228 -1 0 0
41 227 -1 0 0
40 227 -1 0 0
39 227 -1 0 0
38 227 -1 0 0
37 227 -1 0 0
36 227 -1 0 0
35 227 -1 0 0
34 227 -1 0 0
33 227 -1 0 0
39 226 -1 0 0
38 226 -1 0 0
37 226 -1 0 0
36 226 -1 0 0
35 226 -1 0 0
296 145 -1 1 0
295 145 -1 1 0
294 145 -1 1 0
293 145 -1 1 0
292 145 -1 1 0
291 145 -1 1 0
326 144 -1 0 0
325 144 -1 0 0
324 144 -1 0 0
323 144 -1 0 0
322 144 -1 0 0
298 144 -1 1 0
297 144 -1 1 0
296 144 -1 1 0
295 144 -1 1 0
294 144 -1 1 0
293 144 -1 1 0
292 144 -1 1 0
291 144 -1 1 0
290 144 -1 1 0
289 144 -1 1 0
328 143 -1 0 0
327 143 -1 0 0
326 143 -1 0 0
325 143 -1 0 0
324 143 -1 0 0
323 143 -1 0 0
322 143 -1 0 0
321 143 -1 0 0
320 143 -1 0 0
299 143 -1 1 0
298 143 -1 1 0
297 143 -1 1 0
296 143 -1 1 0
295 143 -1 1 0
294 143 -1 1 0
293 143 -1 1 0
292 143 -1 1 0
291 143 -1 1 0
290 143 -1 1 0
289 143 -1 1 0
288 143 -1 1 0
329 142 -1 0 0
328 142 -1 0 0
327 142 -1 0 0
326 142 -1 0 0
325 142 -1 0 0
324 142 -1 0 0
323 142 -1 0 0
322 142 -1 0 0
321 142 -1 0 0
320 142 -1 0 0
319 142 -1 0 0
299 142 -1 1 0
298 142 -1 1 0
297 142 -1 1 0
296 142 -1 1 0
295 142 -1 1 0
294 142 -1 1 0
293 142 -1 1 0
292 142 -1 1 0
291 142 -1 1 0
290 142 -1 1 0
289 142 -1 1 0
288 142 -1 1 0
329 141 -1 0 0
328 141 -1 0 0
327 141 -1 0 0
326 141 -1 0 0
325 141 -1 0 0
324 141 -1 0 0
323 141 -1 0 0
322 141 -1 0 0
321 141 -1 0 0
320 141 -1 0 0
319 141 -1 0 0
300 141 -1 1 0
299 141 -1 1 0
298 141 -1 1 0
297 141 -1 1 0
296 141 -1 1 0
295 141 -1 1 0
294 141 -1 1 0
293 141 -1 1 0
292 141 -1 1 0
291 141 -1 1 0
290 141 -1 1 0
289 141 -1 1 0
288 141 -1 1 0
287 141 -1 1 0
330 140 -1 0 0
329 140 -1 0 0
328 140 -1 0 0
327 140 -1 0 0
326 140 -1 0 0
325 140 -1 0 0
324 140 -1 0 0
323 140 -1 0 0
322 140 -1 0 0
321 140 -1 0 0
320 140 -1 0 0
319 140 -1 0 0
318 140 -1 0 0
300 140 -1 1 0
299 140 -1 1 0
298 140 -1 1 0
297 140 -1 1 0
296 140 -1 1 0
295 140 -1 1 0
294 140 -1 1 0
293 140 -1 1 0
292 140 -1 1 0
291 140 -1 1 0
290 140 -1 1 0
289 140 -1 1 0
288 140 -1 1 0
287 140 -1 1 0
330 139 -1 0 0
329 139 -1 0 0
328 139 -1 0 0
327 139 -1 0 0
326 139 -1 0 0
325 139 -1 0 0
324 139 -1 0 0
323 139 -1 0 0
322 139 -1 0 0
321 139 -1 0 0
320 139 -1 0 0
319 139 -1 0 0
318 139 -1 0 0
300 139 -1 1 0
299 139 -1 1 0
298 139 -1 1 0
297 139 -1 1 0
296 139 -1 1 0
295 139 -1 1 0
294 139 -1 1 0
293 139 -1 1 0
292 139 -1 1 0
291 139 -1 1 0
290 139 -1 1 0
289 139 -1 1 0
288 139 -1 1 0
287 139 -1 1 0
330 138 -1 0 0
329 138 -1 0 0
328 138 -1 0 0
327 138 -1 0 0
326 138 -1 0 0
325 138 -1 0 0
324 138 -1 0 0
323 138 -1 0 0
322 138 -1 0 0
321 138 -1 0 0
320 138 -1 0 0
319 138 -1 0 0
318 138 -1 0 0
300 138 -1 1 0
299 138 -1 1 0
298 138 -1 1 0
297 138 -1 1 0
296 138 -1 1 0
295 138 -1 1 0
294 138 -1 1 0
293 138 -1 1 0
292 138 -1 1 0
291 138 -1 1 0
290 138 -1 1 0
289 138 -1 1 0
288 138 -1 1 0
287 138 -1 1 0
330 137 -1 0 0
329 137 -1 0 0
328 137 -1 0 0
327 137 -1 0 0
326 137 -1 0 0
325 137 -1 0 0
324 137 -1 0 0
323 137 -1 0 0
322 137 -1 0 0
321 137 -1 0 0
320 137 -1 0 0
319 137 -1 0 0
318 137 -1 0 0
300 137 -1 1 0
299 137 -1 1 0
298 137 -1 1 0
297 137 -1 1 0
296 137 -1 1 0
295 137 -1 1 0
294 137 -1 1 0
293 137 -1 1 0
292 137 -1 1 0
291 137 -1 1 0
290 137 -1 1 0
289 137 -1 1 0
288 137 -1 1 0
287 137 -1 1 0
330 136 -1 0 0
329 136 -1 0 0
328 136 -1 0 0
327 136 -1 0 0
326 136 -1 0 0
325 136 -1 0 0
324 136 -1 0 0
323 136 -1 0 0
322 136 -1 0 0
321 136 -1 0 0
320 136 -1 0 0
319 136 -1 0 0
318 136 -1 0 0
299 136 -1 1 0
298 136 -1 1 0
297 136 -1 1 0
296 136 -1 1 0
295 136 -1 1 0
294 136 -1 1 0
293 136 -1 1 0
292 136 -1 1 0
291 136 -1 1 0
290 136 -1 1 0
289 136 -1 1 0
288 136 -1 1 0
329 135 -1 0 0
328 135 -1 0 0
327 135 -1 0 0
326 135 -1 0 0
325 135 -1 0 0
324 135 -1 0 0
323 135 -1 0 0
322 135 -1 0 0
321 135 -1 0 0
320 135 -1 0 0
319 135 -1 0 0
299 135 -1 1 0
298 135 -1 1 0
297 135 -1 1 0
296 135 -1 1 0
295 135 -1 1 0
294 135 -1 1 0
293 135 -1 1 0
292 135 -1 1 0
291 135 -1 1 0
290 135 -1 1 0
289 135 -1 1 0
288 135 -1 1 0
329 134 -1 0 0
328 134 -1 0 0
327 134 -1 0 0
326 134 -1 0 0
325 134 -1 0 0
324 134 -1 0 0
323 134 -1 0 0
322 134 -1 0 0
321 134 -1 0 0
320 134 -1 0 0
319 134 -1 0 0
298 134 -1 1 0
297 134 -1 1 0
296 134 -1 1 0
295 134 -1 1 0
294 134 -1 1 0
293 134 -1 1 0
292 134 -1 1 0
291 134 -1 1 0
290 134 -1 1 0
289 134 -1 1 0
328 133 -1 0 0
327 133 -1 0 0
326 133 -1 0 0
325 133 -1 0 0
324 133 -1 0 0
323 133 -1 0 0
322 133 -1 0 0
321 133 -1 0 0
320 133 -1 0 0
296 133 -1 1 0
295 133 -1 1 0
294 133 -1 1 0
293 133 -1 1 0
292 133 -1 1 0
291 133 -1 1 0
326 132 -1 0 0
325 132 -1 0 0
324 132 -1 0 0
323 132 -1 0 0
322 132 -1 0 0
