183 408 341
152 241 -1 0 0
151 241 -1 0 0
150 241 -1 0 0
154 240 -1 0 0
153 240 -1 0 0
152 240 -1 0 0
151 240 -1 0 0
150 240 -1 0 0
149 240 -1 0 0
148 240 -1 0 0
154 239 -1 0 0
153 239 -1 0 0
152 239 -1 0 0
151 239 -1 0 0
150 239 -1 0 0
149 239 -1 0 0
148 239 -1 0 0
155 238 -1 0 0
154 238 -1 0 0
153 238 -1 0 0
152 238 -1 0 0
151 238 -1 0 0
150 238 -1 0 0
149 238 -1 0 0
148 238 -1 0 0
147 238 -1 0 0
155 237 -1 0 0
154 237 -1 0 0
153 237 -1 0 0
152 237 -1 0 0
151 237 -1 0 0
150 237 -1 0 0
149 237 -1 0 0
148 237 -1 0 0
147 237 -1 0 0
155 236 -1 0 0
154 236 -1 0 0
153 236 -1 0 0
152 236 -1 0 0
151 236 -1 0 0
150 236 -1 0 0
149 236 -1 0 0
148 236 -1 0 0
147 236 -1 0 0
154 235 -1 0 0
153 235 -1 0 0
152 235 -1 0 0
151 235 -1 0 0
150 235 -1 0 0
149 235 -1 0 0
148 235 -1 0 0
154 234 -1 0 0
153 234 -1 0 0
152 234 -1 0 0
151 234 -1 0 0
150 234 -1 0 0
149 234 -1 0 0
148 234 -1 0 0
152 233 -1 0 0
151 233 -1 0 0
150 233 -1 0 0
180 226 -1 1 0
179 226 -1 1 0
178 226 -1 1 0
182 225 -1 1 0
181 225 -1 1 0
180 225 -1 1 0
179 225 -1 1 0
178 225 -1 1 0
177 225 -1 1 0
176 225 -1 1 0
182 224 -1 1 0
181 224 -1 1 0
180 224 -1 1 0
179 224 -1 1 0
178 224 -1 1 0
177 224 -1 1 0
176 224 -1 1 0
183 223 -1 1 0
182 223 -1 1 0
181 223 -1 1 0
180 223 -1 1 0
179 223 -1 1 0
178 223 -1 1 0
177 223 -1 1 0
176 223 -1 1 0
175 223 -1 1 0
183 222 -1 1 0
182 222 -1 1 0
181 222 -1 1 0
180 222 -1 1 0
179 222 -1 1 0
178 222 -1 1 0
177 222 -1 1 0
176 222 -1 1 0
175 222 -1 1 0
183 221 -1 1 0
182 221 -1 1 0
181 221 -1 1 0
180 221 -1 1 0
179 221 -1 1 0
178 221 -1 1 0
177 221 -1 1 0
176 221 -1 1 0
175 221 -1 1 0
182 220 -1 1 0
181 220 -1 1 0
180 220 -1 1 0
179 220 -1 1 0
178 220 -1 1 0
177 220 -1 1 0
176 220 -1 1 0
182 219 -1 1 0
181 219 -1 1 0
180 219 -1 1 0
179 219 -1 1 0
178 219 -1 1 0
177 219 -1 1 0
176 219 -1 1 0
180 218 -1 1 0
179 218 -1 1 0
178 218 -1 1 0
164 210 -1 0 0
163 210 -1 0 0
162 210 -1 0 0
166 209 -1 0 0
165 209 -1 0 0
164 209 -1 0 0
163 209 -1 0 0
162 209 -1 0 0
161 209 -1 0 0
160 209 -1 0 0
166 208 -1 0 0
165 208 -1 0 0
164 208 -1 0 0
163 208 -1 0 0
162 208 -1 0 0
161 208 -1 0 0
160 208 -1 0 0
167 207 -1 0 0
166 207 -1 0 0
165 207 -1 0 0
164 207 -1 0 0
163 207 -1 0 0
162 207 -1 0 0
161 207 -1 0 0
160 207 -1 0 0
159 207 -1 0 0
167 206 -1 0 0
166 206 -1 0 0
165 206 -1 0 0
164 206 -1 0 0
163 206 -1 0 0
162 206 -1 0 0
161 206 -1 0 0
160 206 -1 0 0
159 206 -1 0 0
167 205 -1 0 0
166 205 -1 0 0
165 205 -1 0 0
164 205 -1 0 0
163 205 -1 0 0
162 205 -1 0 0
161 205 -1 0 0
160 205 -1 0 0
159 205 -1 0 0
166 204 -1 0 0
165 204 -1 0 0
164 204 -1 0 0
163 204 -1 0 0
162 204 -1 0 0
161 204 -1 0 0
160 204 -1 0 0
166 203 -1 0 0
165 203 -1 0 0
164 203 -1 0 0
163 203 -1 0 0
162 203 -1 0 0
161 203 -1 0 0
160 203 -1 0 0
164 202 -1 0 0
163 202 -1 0 0
162 202 -1 0 0
