149 373 289
214 175 -1 1 0
213 175 -1 1 0
212 175 -1 1 0
211 175 -1 1 0
210 175 -1 1 0
215 174 -1 1 0
214 174 -1 1 0
213 174 -1 1 0
212 174 -1 1 0
211 174 -1 1 0
210 174 -1 1 0
209 174 -1 1 0
215 173 -1 1 0
214 173 -1 1 0
213 173 -1 1 0
212 173 -1 1 0
211 173 -1 1 0
210 173 -1 1 0
209 173 -1 1 0
215 172 -1 1 0
214 172 -1 1 0
213 172 -1 1 0
212 172 -1 1 0
211 172 -1 1 0
210 172 -1 1 0
209 172 -1 1 0
215 171 -1 1 0
214 171 -1 1 0
213 171 -1 1 0
212 171 -1 1 0
211 171 -1 1 0
210 171 -1 1 0
209 171 -1 1 0
280 170 -1 2 0
279 170 -1 2 0
278 170 -1 2 0
277 170 -1 2 0
276 170 -1 2 0
226 170 -1 0 0
225 170 -1 0 0
224 170 -1 0 0
223 170 -1 0 0
222 170 -1 0 0
221 170 -1 0 0
215 170 -1 1 0
214 170 -1 1 0
213 170 -1 1 0
212 170 -1 1 0
211 170 -1 1 0
210 170 -1 1 0
209 170 -1 1 0
281 169 -1 2 0
280 169 -1 2 0
279 169 -1 2 0
278 169 -1 2 0
277 169 -1 2 0
276 169 -1 2 0
275 169 -1 2 0
227 169 -1 0 0
226 169 -1 0 0
225 169 -1 0 0
224 169 -1 0 0
223 169 -1 0 0
222 169 -1 0 0
221 169 -1 0 0
220 169 -1 0 0
215 169 -1 1 0
214 169 -1 1 0
213 169 -1 1 0
212 169 -1 1 0
211 169 -1 1 0
210 169 -1 1 0
209 169 -1 1 0
281 168 -1 2 0
280 168 -1 2 0
279 168 -1 2 0
278 168 -1 2 0
277 168 -1 2 0
276 168 -1 2 0
275 168 -1 2 0
227 168 -1 0 0
226 168 -1 0 0
225 168 -1 0 0
224 168 -1 0 0
223 168 -1 0 0
222 168 -1 0 0
221 168 -1 0 0
220 168 -1 0 0
214 168 -1 1 0
213 168 -1 1 0
212 168 -1 1 0
211 168 -1 1 0
210 168 -1 1 0
281 167 -1 2 0
280 167 -1 2 0
279 167 -1 2 0
278 167 -1 2 0
277 167 -1 2 0
276 167 -1 2 0
275 167 -1 2 0
227 167 -1 0 0
226 167 -1 0 0
225 167 -1 0 0
224 167 -1 0 0
223 167 -1 0 0
222 167 -1 0 0
221 167 -1 0 0
220 167 -1 0 0
281 166 -1 2 0
280 166 -1 2 0
279 166 -1 2 0
278 166 -1 2 0
277 166 -1 2 0
276 166 -1 2 0
275 166 -1 2 0
227 166 -1 0 0
226 166 -1 0 0
225 166 -1 0 0
224 166 -1 0 0
223 166 -1 0 0
222 166 -1 0 0
221 166 -1 0 0
220 166 -1 0 0
281 165 -1 2 0
280 165 -1 2 0
279 165 -1 2 0
278 165 -1 2 0
277 165 -1 2 0
276 165 -1 2 0
275 165 -1 2 0
227 165 -1 0 0
226 165 -1 0 0
225 165 -1 0 0
224 165 -1 0 0
223 165 -1 0 0
222 165 -1 0 0
221 165 -1 0 0
220 165 -1 0 0
280 164 -1 2 0
279 164 -1 2 0
278 164 -1 2 0
277 164 -1 2 0
276 164 -1 2 0
226 164 -1 0 0
225 164 -1 0 0
224 164 -1 0 0
223 164 -1 0 0
222 164 -1 0 0
221 164 -1 0 0
